1 1 56.842363 60.632506 1617610386017 1
2 1 56.841437 60.631905 1617610387017 1
3 1 56.839993 60.632695 1617610388017 1
4 1 56.843971 60.631067 1617610389017 1
5 1 56.837494 60.63347 1617610390017 1
6 1 56.83759 60.630719 1617610391017 1
7 1 56.837365 60.631146 1617610392017 1
8 1 56.836932 60.629075 1617610393017 1
9 1 56.836759 60.627321 1617610394017 1
10 1 56.83605 60.627953 1617610395017 1
11 1 56.833707 60.628838 1617610396017 1
12 1 56.832176 60.627795 1617610397017 1
13 1 56.831968 60.624064 1617610398017 1
14 1 56.831277 60.619907 1617610399017 1
15 1 56.831683 60.61684 1617610400017 1
16 1 56.831251 60.618136 1617610401017 1
17 1 56.830965 60.615907 1617610402017 1
18 1 56.828777 60.616903 1617610403017 1
19 1 56.82809 60.61646 1617610404017 1
20 1 56.82759 60.616877 1617610405017 1
21 1 56.826383 60.617017 1617610406017 1
22 1 56.825187 60.617175 1617610407017 1
23 1 56.824035 60.618268 1617610408017 1
24 1 56.821588 60.629257 1617610409017 1
25 1 56.82734 60.612883 1617610410017 1
26 1 56.820729 60.619023 1617610411017 1
27 1 56.819326 60.619659 1617610412017 1
28 1 56.819065 60.617652 1617610413017 1
29 1 56.819359 60.61803 1617610414017 1
30 1 56.819913 60.618328 1617610415017 1
